[run]
stop_wall_time = 86400
stop_sim_time = 1100
stop_iteration = 10000
dt = 0.5

[params]
nx = 128
ny = 128
nz = 64
Lx = 31.4159265359
Ly = 12.5663706144

ampl= 5e-1
Re = 1300
Ro = -100
